21
0.00227 0.00227 0.00227 0.00227 0.00227 0.00227 0.00227 0.00227 0.00227 0.00227 0.00227 0.00227 0.00227 0.00227 0.00227 0.00227 0.00227 0.00227 0.00227 0.00227 0.00227
0.00227 0.00227 0.00227 0.00227 0.00227 0.00227 0.00227 0.00227 0.00227 0.00227 0.00227 0.00227 0.00227 0.00227 0.00227 0.00227 0.00227 0.00227 0.00227 0.00227 0.00227
0.00227 0.00227 0.00227 0.00227 0.00227 0.00227 0.00227 0.00227 0.00227 0.00227 0.00227 0.00227 0.00227 0.00227 0.00227 0.00227 0.00227 0.00227 0.00227 0.00227 0.00227
0.00227 0.00227 0.00227 0.00227 0.00227 0.00227 0.00227 0.00227 0.00227 0.00227 0.00227 0.00227 0.00227 0.00227 0.00227 0.00227 0.00227 0.00227 0.00227 0.00227 0.00227
0.00227 0.00227 0.00227 0.00227 0.00227 0.00227 0.00227 0.00227 0.00227 0.00227 0.00227 0.00227 0.00227 0.00227 0.00227 0.00227 0.00227 0.00227 0.00227 0.00227 0.00227
0.00227 0.00227 0.00227 0.00227 0.00227 0.00227 0.00227 0.00227 0.00227 0.00227 0.00227 0.00227 0.00227 0.00227 0.00227 0.00227 0.00227 0.00227 0.00227 0.00227 0.00227
0.00227 0.00227 0.00227 0.00227 0.00227 0.00227 0.00227 0.00227 0.00227 0.00227 0.00227 0.00227 0.00227 0.00227 0.00227 0.00227 0.00227 0.00227 0.00227 0.00227 0.00227
0.00227 0.00227 0.00227 0.00227 0.00227 0.00227 0.00227 0.00227 0.00227 0.00227 0.00227 0.00227 0.00227 0.00227 0.00227 0.00227 0.00227 0.00227 0.00227 0.00227 0.00227
0.00227 0.00227 0.00227 0.00227 0.00227 0.00227 0.00227 0.00227 0.00227 0.00227 0.00227 0.00227 0.00227 0.00227 0.00227 0.00227 0.00227 0.00227 0.00227 0.00227 0.00227
0.00227 0.00227 0.00227 0.00227 0.00227 0.00227 0.00227 0.00227 0.00227 0.00227 0.00227 0.00227 0.00227 0.00227 0.00227 0.00227 0.00227 0.00227 0.00227 0.00227 0.00227
0.00227 0.00227 0.00227 0.00227 0.00227 0.00227 0.00227 0.00227 0.00227 0.00227 0.00227 0.00227 0.00227 0.00227 0.00227 0.00227 0.00227 0.00227 0.00227 0.00227 0.00227
0.00227 0.00227 0.00227 0.00227 0.00227 0.00227 0.00227 0.00227 0.00227 0.00227 0.00227 0.00227 0.00227 0.00227 0.00227 0.00227 0.00227 0.00227 0.00227 0.00227 0.00227
0.00227 0.00227 0.00227 0.00227 0.00227 0.00227 0.00227 0.00227 0.00227 0.00227 0.00227 0.00227 0.00227 0.00227 0.00227 0.00227 0.00227 0.00227 0.00227 0.00227 0.00227
0.00227 0.00227 0.00227 0.00227 0.00227 0.00227 0.00227 0.00227 0.00227 0.00227 0.00227 0.00227 0.00227 0.00227 0.00227 0.00227 0.00227 0.00227 0.00227 0.00227 0.00227
0.00227 0.00227 0.00227 0.00227 0.00227 0.00227 0.00227 0.00227 0.00227 0.00227 0.00227 0.00227 0.00227 0.00227 0.00227 0.00227 0.00227 0.00227 0.00227 0.00227 0.00227
0.00227 0.00227 0.00227 0.00227 0.00227 0.00227 0.00227 0.00227 0.00227 0.00227 0.00227 0.00227 0.00227 0.00227 0.00227 0.00227 0.00227 0.00227 0.00227 0.00227 0.00227
0.00227 0.00227 0.00227 0.00227 0.00227 0.00227 0.00227 0.00227 0.00227 0.00227 0.00227 0.00227 0.00227 0.00227 0.00227 0.00227 0.00227 0.00227 0.00227 0.00227 0.00227
0.00227 0.00227 0.00227 0.00227 0.00227 0.00227 0.00227 0.00227 0.00227 0.00227 0.00227 0.00227 0.00227 0.00227 0.00227 0.00227 0.00227 0.00227 0.00227 0.00227 0.00227
0.00227 0.00227 0.00227 0.00227 0.00227 0.00227 0.00227 0.00227 0.00227 0.00227 0.00227 0.00227 0.00227 0.00227 0.00227 0.00227 0.00227 0.00227 0.00227 0.00227 0.00227
0.00227 0.00227 0.00227 0.00227 0.00227 0.00227 0.00227 0.00227 0.00227 0.00227 0.00227 0.00227 0.00227 0.00227 0.00227 0.00227 0.00227 0.00227 0.00227 0.00227 0.00227
0.00227 0.00227 0.00227 0.00227 0.00227 0.00227 0.00227 0.00227 0.00227 0.00227 0.00227 0.00227 0.00227 0.00227 0.00227 0.00227 0.00227 0.00227 0.00227 0.00227 0.00227
