11
0.0082644 0.0082644  0.0082644  0.0082644  0.0082644  0.0082644  0.0082644  0.0082644  0.0082644  0.0082644  0.0082644 
0.0082644 0.0082644  0.0082644  0.0082644  0.0082644  0.0082644  0.0082644  0.0082644  0.0082644  0.0082644  0.0082644 
0.0082644 0.0082644  0.0082644  0.0082644  0.0082644  0.0082644  0.0082644  0.0082644  0.0082644  0.0082644  0.0082644 
0.0082644 0.0082644  0.0082644  0.0082644  0.0082644  0.0082644  0.0082644  0.0082644  0.0082644  0.0082644  0.0082644 
0.0082644 0.0082644  0.0082644  0.0082644  0.0082644  0.0082644  0.0082644  0.0082644  0.0082644  0.0082644  0.0082644 
0.0082644 0.0082644  0.0082644  0.0082644  0.0082644  0.0082644  0.0082644  0.0082644  0.0082644  0.0082644  0.0082644 
0.0082644 0.0082644  0.0082644  0.0082644  0.0082644  0.0082644  0.0082644  0.0082644  0.0082644  0.0082644  0.0082644 
0.0082644 0.0082644  0.0082644  0.0082644  0.0082644  0.0082644  0.0082644  0.0082644  0.0082644  0.0082644  0.0082644 
0.0082644 0.0082644  0.0082644  0.0082644  0.0082644  0.0082644  0.0082644  0.0082644  0.0082644  0.0082644  0.0082644 
0.0082644 0.0082644  0.0082644  0.0082644  0.0082644  0.0082644  0.0082644  0.0082644  0.0082644  0.0082644  0.0082644 
0.0082644 0.0082644  0.0082644  0.0082644  0.0082644  0.0082644  0.0082644  0.0082644  0.0082644  0.0082644  0.0082644 
